- Wave Lab
- Date: 2022-11-08 18:03:57
- Duration: 10.02 s

61
61
61
60
61
60
61
60
60
60
60
60
61
60
61
60
60
59
60
59
59
59
60
59
59
59
60
60
60
59
60
59
60
60
60
59
60
60
59
60
61
59
60
60
59
60
59
60
61
59
60
59
60
59
60
60
60
59
59
59
60
59
60
59
59
59
59
60
59
59
60
59
59
60
59
59
59
59
59
59
59
59
60
59
58
59
59
58
58
57
57
56
56
55
55
55
55
55
54
54
54
54
54
53
53
53
52
52
52
51
51
51
50
51
51
50
51
50
49
50
49
50
50
50
50
49
49
49
49
49
49
50
49
48
49
49
50
49
48
49
48
49
50
48
49
48
48
49
49
48
47
49
48
48
48
49
49
48
48
47
48
48
48
47
49
48
48
48
48
48
48
48
47
48
47
48
47
48
48
48
48
47
48
47
47
47
47
47
47
47
48
47
48
47
47
47
47
47
47
47
47
47
47
46
47
47
47
47
46
46
47
47
47
47
47
46
46
47
47
46
47
47
47
47
46
46
46
46
46
46
46
46
47
46
47
46
